30653
30654
30655
30656
30657
30658
30659
30660
30661
30662
30663
30664
30665
30666
30667
30668
30669
30670
30671
30672
30673
30674
30676
30677
30678
30680
30679
30681
30682
30683
30684
30685
30686
30687
30690
30689
30688
30691
30692
30693
30694
30695
30696
30697
30698
30699
30700
30701
30702
30703
30704
30705
30707
30706
30708
30709
30710
30711
30712
30713
30714
30715
30716
30717
30718
30719
30723
30724
30725
30726
30727
30728
30729
30730
30731
30732
30734
30733
30735
30737
30736
30738
30739
30740
30741
30742
30743
30744
30745
30746
30747
30748
30749
30751
30750
30754
30753
30755
30756
30757
30758
30759
30762
30763
30764
30766
30767
30768
30769
30772
30771
30773
30774
30775
30777
30778
30779
30780
30781
30782
30783
30784
30785
30786
30787
30788
30790
30789
30797
30796
30794
30793
30792
30791
30798
30799
30800
30802
30803
30804
30805
30806
30807
30808
30817
30816
30815
30814
30813
30812
30811
30810
30809
30818
30819
30820
30823
30822
30824
30825
30826
30827
30830
30829
30828
30831
30832
30833
30835
30834
30837
30836
30838
30839
30840
30841
30843
30844
30845
30847
30846
30848
30855
30856
30857
30858
30859
30860
30861
30862
30863
30864
30865
30866
30867
30868
30869
30870
30871
30872
30873
30874
30876
30875
30877
30879
30882
30883
30884
30886
30887
30888
30890
30891
30892
30893
30894
30895
30896
30897
30898
30899
30900
30901
30903
30904
30905
30906
30907
30908
30909
30910
30911
30912
30913
30914
30915
30916
30917
30918
30919
30920
30921
30922
30923
30924
30925
30926
30927
30928
30929
30930
30931
30932
30933
30934
30936
30937
30938
30939
30940
30935
30941
30942
30943
30944
30945
30946
30947
30949
30950
30948
30952
30951
30953
30955
30954
30956
30957
30958
30959
30960
30961
30962
30964
30963
30965
30966
30967
30968
30970
30971
30972
30974
30973
30975
30976
30977
30978
30979
30980
30981
30982
30983
30984
30985
30986
30987
30988
30989
30992
30991
30990
30993
30994
30996
31000
31001
31002
31003
31004
31005
31006
31007
31008
31009
31010
31011
31012
31013
31031
31032
31033
31034
31036
31037
31035
31038
31039
31041
31040
31042
31043
31044
31045
31046
31047
31048
31049
31050
31051
31052
31053
31054
31055
31056
31057
31058
31059
31061
31060
31062
31063
31064
31065
31066
31067
31068
31069
31070
31071
31072
31073
31074
31075
31076
31077
31078
31079
31080
31081
31082
31083
31084
31085
31086
31087
31088
31089
31090
31091
31092
31093
31094
31095
31096
31097
31098
31099
31100
31101
31102
31103
31104
31105
31106
31107
31108
31109
31110
31111
31112
31113
31114
31115
31116
31117
31118
31119
31120
31121
31122
31123
31124
31125
31126
31127
31129
31130
31131
31132
31133
31134
31135
31136
31138
31139
31140
31141
31142
31143
31144
31145
31146
31147
31148
31149
31150
31151
31152
31153
31154
31155
31156
31157
31158
31159
31160
31161
31162
31163
31164
31165
31166
31167
31168
31169
31170
31171
31172
31173
31174
31176
31177
31179
31178
31180
31181
31182
31183
31184
31185
31186
31187
31188
31189
31190
31191
31192
31193
31194
31195
31196
31197
31198
31199
31200
31201
31202
31203
31204
31205
31206
31207
31208
31209
31210
31211
31212
31213
31214
31215
31216
31217
31218
31219
31220
31222
31221
31224
31223
31225
31226
31228
31227
31229
31230
31231
31232
31233
31236
31235
31175
31234
31237
31238
31239
31240
31241
31242
31243
31244
31245
31246
31247
31248
31249
31250
31251
31252
31254
31253
31256
31260
31259
31258
31262
31261
31263
31264
31265
31266
31267
31268
31269
31270
31271
31272
31273
31274
31275
31276
31278
31279
31280
31281
31282
31283
31284
31285
31286
31287
31289
31290
31291
31292
31293
31294
31295
31296
31297
31299
31298
31300
31301
31303
31302
31304
31305
31306
31307
31308
31309
31310
31311
31312
31314
31315
31316
31317
31324
31323
31322
31321
31320
31319
31343
31342
31341
