26754
26753
26749
26748
26747
26746
26745
26744
26743
26741
26738
26737
26736
26735
26734
26733
26732
26731
26730
26729
26727
26726
26723
26720
26719
26718
26716
26715
26714
26713
26712
26711
26710
26709
26708
26705
26704
26703
26702
26701
26700
26699
26698
26697
26695
26694
26693
26692
26691
26688
26684
26682
26679
26752
26751
26750
26722
26717
26696
26687
26683
26755
26774
26758
26757
26773
26772
26770
26775
26771
26769
26768
26767
26779
26777
26756
26776
26766
26765
26764
26763
26762
26761
26788
26787
26786
26785
26784
26783
26782
26780
26760
26759
26791
26790
26789
26794
26793
26799
26796
26795
26817
26816
26815
26814
26813
26812
26811
26810
26809
26802
26831
26829
26828
26827
26826
26825
26824
26823
26822
26821
26820
26819
26851
26850
26848
26847
26846
26845
26844
26843
26842
26841
26839
26838
26837
26836
26835
26834
26833
26876
26875
26873
26872
25871
26866
26865
26864
26863
26862
26861
26860
26859
26858
26855
26854
26852
26892
26891
26890
26887
26886
26884
26883
26882
26880
26879
26877
26903
26901
26899
26898
26897
26896
26894
26905
26904
26928
26925
26924
26923
26922
26921
26920
26919
26918
26916
26915
26914
26913
26912
26911
26910
26908
26906
26885
26874
26937
26936
26935
26934
26933
26932
26931
26929
26950
26949
26948
26947
26946
26945
26944
26943
26940
26939
26938
26964
26963
26962
26961
26960
26959
26958
26957
26956
26955
26954
26953
26952
26966
26965
26970
26969
26968
26967
26991
26990
26989
26988
26987
26986
26985
26984
26983
26982
26979
26977
26975
26973
26972
26994
26995
26992
26998
26997
26996
27007
27005
27004
27003
27002
27000
27010
27009
27008
27013
27012
27011
27024
27023
27022
27021
27020
27019
27018
27017
27016
27014
27028
27027
27026
27025
27035
27033
27032
27030
27049
27048
27047
27046
27045
27044
27043
27042
27039
27036
27052
27051
27050
27054
27053
27061
27060
27059
27057
27056
27069
27068
27067
27066
27065
27064
27063
27062
